
frame_id: "huaray_camera_frame"

# 相机畸变模型。“plumb_bob”（径向和切向失真模型）
distortion_model: "plumb_bob"

# 畸变系数 D。对于 "plumb_bob" 模型，有5个参数：k1, k2, p1, p2, k3
distortion_coefficients: [-0.147554, 0.061344, -0.001780, -0.000369, 0.000000]

# 相机内参矩阵 K，描述了焦距 (fx, fy) 和主点 (cx, cy)
#     [fx  0 cx]
# K = [ 0 fy cy]
#     [ 0  0  1]
# 将相机坐标系中的三维点投影到二维像素
camera_matrix: [1782.29564, 0.000000,    1322.89116,
                0.000000,   1797.64808,  1011.50921,
                0.000000,   0.000000,    1.000000]

# 校正矩阵 R（仅限双目相机）
# 一个旋转矩阵，将相机坐标系与理想的立体图像平面对齐，使两个立体图像中的极线平行。
rectification_matrix: [1.0, 0.0, 0.0,
                       0.0, 1.0, 0.0,
                       0.0, 0.0, 1.0]

# 投影/相机矩阵 P
#     [fx'  0  cx' Tx]
# P = [ 0  fy' cy' Ty]
#     [ 0   0   1   0]
# 对于单目相机，Tx = Ty = 0，矩阵的前三列通常与 K 相同。
# 对于双目相机，Tx 表示两个相机之间的基线距离。
projection_matrix: [1662.21704, 0.000000,   1323.88032, 0.000000,
                    0.000000,   1716.15771, 1006.27024, 0.000000,
                    0.000000,   0.000000,   1.000000,   0.000000]
